487079
-849264
-562259
902039
53414
-174118
-767617
-883892
185807
457811
835267
748581
-832724
444150
-691549
-551506
584158
-69126
-850499
112014
114930
198531
1912
-155691
723835
-597689
924823
319286
-663207
747676
676025
-681541
223708
-19823
335958
965336
-735358
796863
-521419
922186
576116
-625083
293447
-243519
-199871
-724413
-675854
-56126
-123081
-817628
187785
232394
-596513
-148878
319855
419161
-881361
281564
519822
419923
-544780
-749991
333234
384777
280240
-519625
341834
-641399
766046
-827727
515778
-700889
630583
442902
-60638
237708
-91003
240773
-948456
889598
892059
528272
495035
682690
470740
65949
927555
528258
-166751
-631832
568925
322303
-461252
-530867
-791448
17864
-426464
-575034
-73464
768959
-368864
477210
-40785
-458716
-752536
-945741
392330
-720286
-837870
-444375
-663135
-950988
149364
996847
959819
-178225
591873
582313
-641834
93654
-71996
-980026
988731
-420047
508207
553561
731783
313688
26747
-689802
-19491
-774456
-389092
598516
-950320
-172389
24563
302575
592418
-460852
-762255
-568322
-612747
503871
813146
-915614
-772874
-232944
-328874
-244368
770433
225792
962282
218645
727307
-809240
679387
922962
-999850
660732
340911
-183960
761680
215551
878231
816015
253705
318432
70541
839816
133583
-55501
282149
-654757
121130
-253320
124658
-804151
-193154
572362
149096
-383720
-370373
762907
-597141
214839
-643207
932922
472080
-520744
157489
-730608
-620198
669362
992955
904521
423825
-739919
-923496
886283
-835173
3747
-295638
128386
-51249
-746083
-267255
423963
-184001
802510
-557998
-517295
400068
276285
-86494
108104
-225870
-505621
-627159
-13537
624272
-799580
-288966
-35112
931411
-782233
-674536
954940
229674
-1289
814206
882721
82126
685
-576840
572407
-472401
284001
708310
80693
-633403
977202
176839
634849
851931
91536
946311
245910
-979454
-110007
-961157
239001
864575
-118338
-17187
51010
528313
646510
-213791
184272
371161
19785
902530
874966
-821079
-652088
507593
-794876
-360918
-667594
444895
737158
-269575
-250937
-287811
332424
-413296
537352
-167799
-574227
-271396
-535577
585327
-307128
977614
-394060
-791156
-511087
-276636
-615146
961709
882897
584616
-130982
726069
-370016
-750052
523626
232717
-144244
-603159
-973614
879340
431951
-993829
974770
-554511
808674
-239452
-307476
-627862
-828399
-460238
-558335
871478
-510112
285856
234571
-305046
336569
528131
572610
412623
825364
-64203
839657
167940
-567642
811932
694112
474688
-461905
-976128
-825265
-138549
637620
478822
-809781
598686
526701
-236620
635755
-589626
365625
87708
444967
494396
-203497
308590
-469489
-144931
686515
-33057
-685240
-389955
-517097
-121621
183099
801367
968381
93461
-799473
-111004
345665
-688708
428852
-334391
966188
-468352
419359
-386614
139027
616962
-658921
-957989
-555898
-535984
355990
162868
-803627
-936146
302315
73241
-155467
-760691
857486
-282879
879674
-738798
-447493
-218479
-234836
305312
-49287
-73942
314230
560451
-641918
-532444
-535014
-581063
52665
-556685
129183
-371072
862222
740415
-642128
826064
-435825
-340191
-500569
646333
-872635
440269
-281891
-243091
-823477
-730259
-666842
730367
762017
-602558
276827
-53208
481118
-184386
-248611
-419092
317372
304137
287131
-134733
407292
-540038
-649410
709746
828095
-432326
61928
-336954
-455884
-71380
214754
166895
892123
648186
654580
445402
79680
-280331
-460783
-767601
996935
180393
504380
753404
-930466
-603243
716410
-168558
-968916
639658
-805603
-187016
864364
965986
-188760
-51453
-240224
959602
-521795
-897387
783762
282008
-978111
-196809
-470477
-837817
-379246
-663771
754297
-237331
-720323
-208716
-129109
-570045
-939424
-886979
383918
-278420
493156
212007
693802
-180266
515004
205039
-234446
-60062
-848093
727500
-160683
430745
480607
144372
-808160
-724229
517930
-877195
137078
593102
269374
-433344
518829
385378
-901207
-978742
-65808
543377
292160
-97880
-296607
-111533
-921914
-865305
-519546
296009
23746
-130074
-736118
-40962
721886
-983759
260200
-330535
-668458
35028
439132
-729358
879116
-500288
847408
751960
-633815
2734
291230
362084
-786045
519203
423379
-776876
-455873
674863
-165408
853609
878149
-625754
908712
-469688
30327
763527
-460864
-659262
637537
-333537
512135
-741398
638845
-386539
-836839
-507464
171302
741186
-552244
237690
-397262
148587
-258968
-45432
773329
-107074
803178
566468
8708
969374
836907
-539111
-998806
-680553
141937
-475818
283573
-132946
215270
39906
338942
-383004
455627
599610
822360
-690257
-191056
649528
706783
-24021
546064
-895420
-820295
130158
-830646
703290
715099
477408
-636641
505996
404434
449402
-452242
434233
696886
863656
37268
-860051
-449416
345705
-10463
-442621
764770
-154274
706574
-92345
17949
-533924
-389821
780344
553596
-687713
-596500
984294
-596331
233698
269000
-131881
644816
-163866
-968221
738725
-811858
94537
-820754
944711
-887957
-795519
149539
489224
340370
-232504
397275
480331
-68636
-426532
-762367
-699983
-620659
467347
-895392
-812483
567340
-61383
-650419
807142
597777
157165
852467
-468561
-236288
656744
431175
752508
479611
-253695
56545
485957
809275
451118
960892
-330542
-357216
57792
206335
-187944
-31277
368633
-864531
624893
209568
157909
117534
774620
-505070
454302
-649464
-271042
-982745
-492629
-753024
91802
-569815
-324537
-160637
-869430
-681176
-927140
762418
-420220
-241782
-571029
-838228
-487298
-432220
599300
-893474
-523864
-247984
358429
-447939
-23902
90253
-96953
-842751
-22982
746870
979399
-783411
635877
605293
-770310
234596
-868375
-771978
828120
-664994
47172
-900261
216779
136738
900544
35001
342750
617092
965311
-192536
-675604
398909
-436148
677570
835441
-470084
92762
177868
548156
-824460
382194
984429
140001
9731
152355
350880
-305245
-7909
391377
800600
14895
373627
-679328
-255676
95507
364882
-431205
546347
-733766
853683
20620
260460
119808
472684
-314790
657195
-583813
192795
966374
41365
933237
-97625
804740
599377
638619
-102060
-908002
-185397
269782
-296805
26214
81785
-437708
-164094
-413199
594890
742479
693074
-49429
924278
179362
-921096
-412737
-708391
-847990
-19103
735437
-902044
55946
285814
884095
-220647
-780629
-378440
843246
-932118
-590782
-836677
-52888
-748995
-943878
-168693
-747834
257964
-846920
999824
162873
-88892
390847
-340307
219139
875527
683942
-146410
-419860
-549055
102873
493073
-489172
-427963
-537722
850124
987697
-324329
127218
-108383
-427535
155887
881824
-693710
-553390
-522667
-160442
-275521
-596202
-701660
-963333
-120612
684757
-774667
-961482
-821582
-337652
-477118
884632
-631397
415669
626066
260815
840458
647080
-767041
530234
-338469
-752530
-765219
817215
-408133
243700
-997287
398425
804192
-92357
362048
-707507
942452
-21848
924909
877805
-457247
-967182
-726303
790983
704713
118583
943296
298356
-474392
584158
-269851
243253
474380
-986008
877380
-168348
586039
948980
784326
-445401
-992970
822439
-80665
900476
794279
-760169
286702
775907
373268
321892
-504705
686262
-402233
136952
-129839
-933607
661697
906860
180925
-245807
26427
385222
57094
999289
216302
-454253
876462
820919
-782562
-826179
-873252
661057
203082
327605
265576
547034
270508
22615
741205
-298490
766616
954635
-947074
613866
965017
-754396
-125728
-817665
-747544
492213
-112638
-566069
-350790
-438123
370581
-887130
-802800
-443347
-534124
577899
-565943
26502
849792
-965646
785396
-503451
128148
575779
-965975
-233212
648284
7362
728768
971107
658914
215674
-676312
-291309
881756
